750011400160841729 819 2994
671561002136281088 6291 11346
695816827381944320 1050 2750
763183847194451968 1348 5043
672538107540070400 315 898
700505138482569216 520 2099
750071704093859840 3016 7223
835574547218894849 3287 16593
674754018082705410 382 1226
675798442703122432 3037 9290
864197398364647424 7544 26522
672222792075620352 176 700
675146535592706048 254 1050
693280720173801472 1118 3076
667886921285246976 906 1642
689275259254616065 224 1049
856282028240666624 5557 25144
719704490224398336 1290 4171
701545186879471618 549 2446
690348396616552449 461 1364
850333567704068097 301 3177
680609293079592961 622 2404
667393430834667520 50 168
744334592493166593 1921 6320
672614745925664768 510 1083
743595368194129920 5923 16883
813142292504645637 2234 8051
666411507551481857 261 371
768909767477751808 2425 0
670452855871037440 174 489
678389028614488064 379 1708
808106460588765185 2058 8359
764857477905154048 1641 6055
709918798883774466 992 3222
788150585577050112 1194 5775
668627278264475648 96 281
786664955043049472 2355 10005
671768281401958400 433 1046
674447403907457024 314 954
820749716845686786 9144 29694
756288534030475264 16234 41039
703407252292673536 623 2253
705591895322394625 1022 2900
670303360680108032 107 382
668614819948453888 271 542
849412302885593088 2817 14626
706644897839910912 981 2344
682389078323662849 422 1534
668967877119254528 18 127
699801817392291840 846 2768
670842764863651840 7547 21997
704847917308362754 1361 4686
771014301343748096 1533 6459
828372645993398273 2716 11830
681523177663676416 5180 13116
703079050210877440 2794 6797
863907417377173506 3573 18356
761750502866649088 3568 0
812372279581671427 3406 12880
711732680602345472 3681 8059
728409960103686147 1819 4489
741303864243200000 2903 8092
718540630683709445 920 2242
667491009379606528 188 456
766793450729734144 1247 4722
790946055508652032 4370 15807
873337748698140672 1324 0
670474236058800128 629 1329
666826780179869698 77 218
777621514455814149 2327 8184
863427515083354112 80 1956
802572683846291456 2343 8485
808134635716833280 5483 0
742150209887731712 1390 4690
808001312164028416 3288 11797
713761197720473600 1235 4449
823939628516474880 2522 10028
820494788566847489 521 0
858107933456039936 2529 14174
834574053763584002 2301 12766
793120401413079041 3659 11967
677961670166224897 1520 3126
739238157791694849 52560 106677
831315979191906304 1036 6156
679527802031484928 646 2416
668992363537309700 292 657
691096613310316544 792 2751
669661792646373376 365 713
872122724285648897 6795 30076
833732339549220864 203 0
847978865427394560 2910 0
796177847564038144 13303 0
826848821049180160 9297 33908
689999384604450816 328 1302
689154315265683456 894 2854
675109292475830276 995 2509
862722525377298433 3069 15270
692828166163931137 794 2652
743895849529389061 875 3390
694905863685980160 832 2527
698710712454139905 616 2258
676263575653122048 483 1885
670840546554966016 165 522
772114945936949249 440 2572
703769065844768768 1018 3004
704859558691414016 474 2065
750506206503038976 1043 4121
735274964362878976 4526 12006
757354760399941633 1296 4192
878776093423087618 3414 17060
673688752737402881 438 1123
841833993020538882 13511 0
733109485275860992 15438 49164
748575535303884801 1794 5612
676864501615042560 621 1883
677698403548192770 286 1117
836648853927522308 505 0
744971049620602880 2430 7268
671511350426865664 604 1418
706153300320784384 343 1355
863079547188785154 948 7873
676949632774234114 348 1179
675003128568291329 406 1388
794983741416415232 3142 0
776088319444877312 141 1707
797971864723324932 2878 10903
833863086058651648 2200 12585
751830394383790080 1774 5415
670733412878163972 446 847
668507509523615744 87 276
704347321748819968 312 1443
798628517273620480 1856 0
788552643979468800 6624 0
778748913645780993 1202 6436
858843525470990336 3016 14071
677687604918272002 750 2249
674262580978937856 380 1176
670807719151067136 425 1051
670449342516494336 565 1072
758355060040593408 956 3138
677335745548390400 1544 2751
855851453814013952 16072 41793
678643457146150913 359 1875
813202720496779264 1699 8737
678708137298427904 2174 5110
785264754247995392 1509 6878
749403093750648834 489 2428
876120275196170240 3886 24581
867072653475098625 100 0
824796380199809024 5072 0
710833117892898816 476 2463
802185808107208704 250 0
796149749086875649 13303 30370
673359818736984064 592 1284
775842724423557120 2450 10998
672988786805112832 253 874
763837565564780549 3785 11712
678675843183484930 1309 2594
676098748976615425 1244 2668
710272297844797440 1137 4139
679854723806179328 1094 2603
783085703974514689 2014 7700
750381685133418496 26 666
684969860808454144 326 2214
672482722825261057 517 989
667773195014021121 44 203
760521673607086080 1276 3909
667801013445750784 80 282
668567822092664832 46 206
728035342121635841 1504 4147
670408998013820928 187 485
740359016048689152 794 3039
734776360183431168 486 2309
778286810187399168 3046 9697
668988183816871936 389 796
674638615994089473 509 1512
837110210464448512 2173 15025
782021823840026624 5694 0
761004547850530816 3198 10611
748932637671223296 2052 5389
730211855403241472 956 3481
835172783151792128 5283 24503
711968124745228288 2084 7399
807621403335917568 3367 13787
668641109086707712 464 943
790227638568808452 3290 0
676089483918516224 389 1178
675135153782571009 410 1159
847606175596138505 3073 17295
669037058363662336 263 571
692017291282812928 867 2665
674307341513269249 6003 10097
674800520222154752 745 2683
668221241640230912 168 452
675047298674663426 274 925
813127251579564032 2908 11168
759846353224826880 1790 6263
667534815156183040 442 714
702539513671897089 864 2634
700864154249383937 554 2390
760893934457552897 885 3561
737678689543020544 1190 4619
688916208532455424 771 2491
861383897657036800 9221 32146
667509364010450944 1856 6032
674271431610523648 642 1393
809448704142938112 1360 6583
673662677122719744 326 1123
700002074055016451 1197 3024
854732716440526848 5321 20610
673213039743795200 724 1964
852311364735569921 8835 30260
751132876104687617 1178 4708
673343217010679808 234 854
705239209544720384 676 2764
855857698524602368 1853 10828
674042553264685056 109 634
677301033169788928 354 1109
678424312106393600 2258 4981
885528943205470208 5304 31438
810657578271330305 2456 10383
759793422261743616 1756 5561
738166403467907072 3022 8037
863471782782697472 2082 0
735991953473572864 1030 3283
828770345708580865 5376 23991
866334964761202691 12149 46382
713411074226274305 1183 4084
666063827256086533 180 396
705475953783398401 823 2730
671182547775299584 283 975
805823200554876929 7420 0
681981167097122816 915 2589
679405845277462528 1069 2150
820690176645140481 2987 11550
666996132027977728 78 213
724004602748780546 1388 3826
666287406224695296 55 123
691483041324204033 499 2190
698195409219559425 5432 15458
676470639084101634 4159 10531
666983947667116034 841 2237
667885044254572545 397 729
673295268553605120 2738 6704
859074603037188101 11911 30298
840268004936019968 5196 17816
710588934686908417 1694 4169
819952236453363712 1077 5003
879674319642796034 9 280
859851578198683649 3056 13936
878604707211726852 5893 26317
884925521741709313 14925 66834
685532292383666176 1042 2802
820013781606658049 1077 0
690690673629138944 744 2142
668542336805281792 181 403
693231807727280129 669 2650
777953400541634568 3249 0
689977555533848577 406 1260
809220051211603969 5220 18791
780543529827336192 1622 5931
709901256215666688 92 605
677547928504967168 3282 6292
683828599284170753 969 2577
674045139690631169 563 1266
886366144734445568 2609 18465
720785406564900865 697 2855
748705597323898880 870 2575
718939241951195136 1578 4798
798933969379225600 4133 12364
879376492567855104 2632 14776
736365877722001409 1109 3648
702684942141153280 962 2968
707021089608753152 1220 3724
678255464182861824 326 1446
674372068062928900 280 766
680970795137544192 582 2202
680206703334408192 1039 2573
668274247790391296 195 717
682259524040966145 1075 3793
680798457301471234 937 2594
876838120628539392 2791 18136
872620804844003328 3055 18255
667138269671505920 1857 3994
813051746834595840 6811 19846
683515932363329536 2601 6768
675878199931371520 1235 3779
685315239903100929 941 3017
682047327939461121 844 2942
667470559035432960 85 225
885311592912609280 15348 0
860276583193509888 3055 16514
676811746707918848 378 1301
768855141948723200 818 3918
780601303617732608 3108 11378
805958939288408065 4979 0
667538891197542400 58 175
686618349602762752 1236 3401
709158332880297985 362 1873
740214038584557568 1776 6162
675153376133427200 2252 5572
678021115718029313 5598 12308
673656262056419329 198 650
789903600034189313 3866 9748
806219024703037440 1129 6112
692041934689402880 1129 3112
828011680017821696 1981 9743
759159934323924993 1064 0
715680795826982913 1438 3959
786051337297522688 145 1348
667065535570550784 40 143
666776908487630848 148 303
747844099428986880 672 2617
796031486298386433 3486 10223
675149409102012420 1496 3342
668226093875376128 85 246
772615324260794368 3097 0
878316110768087041 5497 0
672640509974827008 270 873
827600520311402496 863 7034
666418789513326592 39 107
676613908052996102 175 981
885167619883638784 3649 19155
670003130994700288 77 294
684926975086034944 417 3206
690728923253055490 465 1995
813096984823349248 3362 9991
751583847268179968 1001 4090
668268907921326080 205 483
840696689258311684 889 11430
667062181243039745 45 192
676776431406465024 1794 4496
702671118226825216 506 2014
680583894916304897 1185 3291
669353438988365824 225 563
782305867769217024 5099 15646
775364825476165632 2699 6920
704364645503647744 3222 7312
684830982659280897 19599 32247
821765923262631936 1553 7885
836989968035819520 2107 11905
796387464403357696 3869 10414
732005617171337216 4854 13640
669597912108789760 131 447
674024893172875264 1081 1577
768554158521745409 5360 0
854010172552949760 2782 14783
804738756058218496 3585 12921
689659372465688576 3458 9501
729838605770891264 338 1598
850380195714523136 2323 12026
881906580714921986 2837 21341
678740035362037760 1482 3384
670093938074779648 275 906
832769181346996225 38 0
847157206088847362 5240 18321
677557565589463040 1010 2209
678755239630127104 2914 6457
848212111729840128 2710 14988
685198997565345792 588 2134
687818504314159109 861 2277
796484825502875648 1643 7159
695314793360662529 1293 3320
803692223237865472 6883 0
815390420867969024 3547 9794
788178268662984705 1966 6866
677334615166730240 249 1221
677700003327029250 1282 3099
669393256313184256 62 313
685547936038666240 14062 30267
676948236477857792 771 1946
688116655151435777 696 2605
740676976021798912 6178 16767
781655249211752448 1046 3754
747439450712596480 1746 5023
805207613751304193 1620 7449
696488710901260288 925 2301
821044531881721856 2110 11886
675334060156301312 1127 2474
710153181850935296 808 2674
847116187444137987 2867 19815
762035686371364864 14213 29692
694206574471057408 1845 3806
797165961484890113 24 211
690607260360429569 14 279
765371061932261376 1991 6658
680497766108381184 1726 3872
671390180817915904 648 1277
746906459439529985 269 2711
672231046314901505 876 1616
723912936180330496 1122 3580
822610361945911296 2718 13912
860563773140209665 1846 6698
688547210804498433 626 2391
671735591348891648 651 1283
778396591732486144 11275 0
694925794720792577 817 2485
804413760345620481 2995 0
690932576555528194 901 3017
704499785726889984 899 2649
704480331685040129 977 3141
752917284578922496 1436 6482
821886076407029760 2128 10628
795400264262053889 2669 9461
720043174954147842 1813 4562
781524693396357120 5122 19501
760656994973933572 1738 6155
811627233043480576 2831 12017
695446424020918272 1648 4080
674646392044941312 428 1277
891689557279858688 7179 36714
838150277551247360 300 1562
704134088924532736 410 1384
693647888581312512 517 2471
796125600683540480 1679 4716
668989615043424256 288 593
712097430750289920 930 3449
672169685991993344 317 910
668852170888998912 139 409
791026214425268224 3785 0
869702957897576449 5360 24945
863432100342583297 4539 21210
707420581654872064 630 2065
751598357617971201 2815 7383
667937095915278337 687 1109
670995969505435648 241 964
816336735214911488 1793 8142
801285448605831168 770 5713
682303737705140231 880 2809
727685679342333952 572 2716
670786190031921152 168 527
684200372118904832 942 1976
670073503555706880 677 1380
692142790915014657 353 1509
748337862848962560 3717 7022
829449946868879360 1853 9836
681193455364796417 1332 3401
771770456517009408 3127 11234
672264251789176834 284 1008
813800681631023104 1638 7856
881536004380872706 13332 43230
676575501977128964 983 2321
728760639972315136 1535 4273
671518598289059840 250 829
802952499103731712 1864 8541
777885040357281792 1511 5974
738537504001953792 1391 4683
708119489313951744 896 2470
730924654643314689 1779 5623
680889648562991104 323 1608
670385711116361728 172 488
724405726123311104 1507 4856
880465832366813184 5187 24889
670361874861563904 55 288
771136648247640064 2696 8572
718613305783398402 426 2252
715009755312439296 1104 3808
680940246314430465 933 2917
671520732782923777 453 1215
702932127499816960 650 2362
785170936622350336 4470 11318
846153765933735936 8140 28978
670832455012716544 184 644
806629075125202948 32181 70260
825535076884762624 16288 53769
688898160958271489 709 1917
846514051647705089 10333 41011
667502640335572993 193 484
825876512159186944 1731 9889
743545585370791937 857 3264
866450705531457537 30028 108405
790698755171364864 1793 7771
817502432452313088 3127 0
887517139158093824 9802 40515
694356675654983680 250 1387
678380236862578688 820 2226
693942351086120961 327 1617
673320132811366400 6854 11916
676916996760600576 1609 2682
687460506001633280 490 1905
668496999348633600 114 357
673697980713705472 1689 3496
673956914389192708 833 1743
687124485711986689 460 2013
687109925361856513 2224 5342
878057613040115712 5705 36971
805520635690676224 1544 5458
788908386943430656 11654 25965
757596066325864448 953 4058
685681090388975616 110 1882
678410210315247616 1601 3813
692187005137076224 743 2328
746131877086527488 1990 6364
677644091929329666 725 1704
672898206762672129 363 793
700167517596164096 652 2423
772193107915964416 1283 5656
737322739594330112 728 3312
742528092657332225 1790 4086
730573383004487680 1906 4449
769212283578875904 1589 5065
690959652130045952 1112 3303
780858289093574656 1853 6771
673887867907739649 220 839
671355857343524864 104 418
791406955684368384 3840 12444
778774459159379968 9101 0
692752401762250755 3292 6266
832088576586297345 2 59
751937170840121344 1191 4814
852912242202992640 1591 8221
847617282490613760 376 6450
684538444857667585 851 2429
790277117346975746 2941 11844
669371483794317312 148 433
750101899009982464 771 2831
883360690899218434 3059 19847
733482008106668032 849 2871
670804601705242624 814 1729
824775126675836928 3257 14004
669993076832759809 70 282
675483430902214656 852 1657
754856583969079297 2305 6421
694342028726001664 431 1457
783821107061198850 1816 6942
729113531270991872 287 1734
856543823941562368 2534 14780
802600418706604034 1375 6737
682406705142087680 1582 6943
707387676719185920 1143 3203
747219827526344708 1431 4873
863553081350529029 3610 13617
879050749262655488 3931 19715
878404777348136964 1066 0
683078886620553216 516 1851
680115823365742593 821 2487
784826020293709826 2995 9540
750026558547456000 716 2519
673612854080196609 629 1423
738885046782832640 1040 3497
789314372632018944 2124 8169
834477809192075265 9734 0
750383411068534784 1038 4253
706901761596989440 520 1880
672964561327235073 556 1259
677328882937298944 1337 3324
738891149612572673 6 89
670420569653809152 265 537
890006608113172480 6105 26908
779056095788752897 4189 13834
867051520902168576 6752 28587
891327558926688256 7706 35113
813130366689148928 417 4249
705970349788291072 794 2914
774757898236878852 1645 8102
883482846933004288 8213 39988
712065007010385924 566 2071
812466873996607488 1795 7549
853760880890318849 5101 25980
681261549936340994 235 1329
848690551926992896 3911 23184
717421804990701568 753 2880
706169069255446529 2000 3577
773308824254029826 6912 21890
753039830821511168 19082 34452
670782429121134593 652 1344
737826014890496000 1600 4812
755206590534418437 4883 15248
822647212903690241 5930 0
678800283649069056 815 2349
697463031882764288 1267 3155
675898130735476737 505 1442
735648611367784448 1005 3723
690989312272396288 2608 5431
725786712245440512 1238 3838
817056546584727552 1509 8099
806620845233815552 5122 0
709566166965075968 1070 3247
768970937022709760 5969 13344
751538714308972544 1143 4697
731285275100512256 897 3213
675820929667219457 206 956
692894228850999298 713 2077
675362609739206656 192 940
785533386513321988 1830 8541
869596645499047938 2625 14131
752682090207055872 1450 5576
704871453724954624 1013 3949
882627270321602560 5037 24485
759047813560868866 1840 6049
679462823135686656 16920 29268
668528771708952576 188 401
830097400375152640 2681 9117
809920764300447744 3663 14725
870726314365509632 3 105
674014384960745472 557 1384
767122157629476866 2627 9513
886983233522544640 6282 30203
765222098633691136 3097 10875
784183165795655680 7420 18863
844580511645339650 2801 15240
670079681849372674 1055 1952
694001791655137281 922 3129
708738143638450176 737 2531
865359393868664832 4267 23492
788412144018661376 4900 14653
700143752053182464 2425 6895
762471784394268675 5874 10483
832397543355072512 2034 11210
669216679721873412 346 1052
667832474953625600 54 254
841439858740625411 3300 11685
674788554665512960 181 718
720059472081784833 1015 3547
673708611235921920 253 949
826476773533745153 3878 17302
689993469801164801 404 1346
686034024800862208 1033 2829
688211956440801280 750 2071
824297048279236611 3550 14165
689623661272240129 577 2036
672068090318987265 439 1131
667165590075940865 962 2372
749417653287129088 1504 5651
798576900688019456 5452 0
706265994973601792 847 2512
707969809498152960 866 2481
708130923141795840 782 3089
689599056876867584 5003 10720
718460005985447936 474 2499
856288084350160898 15 489
804475857670639616 1880 5818
712438159032893441 1411 4896
685307451701334016 395 1917
747594051852075008 944 3411
846874817362120707 3537 18554
767884188863397888 1261 4449
832215726631055365 8552 0
673919437611909120 325 1054
667211855547486208 209 425
684195085588783105 452 1756
862096992088072192 19883 65996
670803562457407488 77 300
667188689915760640 328 642
678446151570427904 1367 3645
667174963120574464 69 218
707995814724026368 1011 2863
779834332596887552 6467 17667
678278586130948096 5463 10378
679722016581222400 424 1532
786286427768250368 2632 7536
886054160059072513 93 0
820837357901512704 6205 0
667073648344346624 103 351
818307523543449600 7412 0
828801551087042563 3149 0
872820683541237760 3156 13025
719991154352222208 1588 4469
669006782128353280 209 510
826240494070030336 2408 12487
666051853826850816 697 1022
770093767776997377 2797 0
666353288456101888 56 178
871515927908634625 2924 17837
752701944171524096 2601 0
673707060090052608 346 987
716285507865542656 961 2551
697943111201378304 608 2186
784057939640352768 10301 27959
712092745624633345 807 2702
801538201127157760 1945 7786
766423258543644672 1447 5610
772152991789019136 1048 3574
686606069955735556 490 1745
747963614829678593 1947 5359
733828123016450049 714 3298
798682547630837760 4410 0
786363235746385920 3203 10240
676496375194980353 468 1370
667160273090932737 49 217
879415818425184262 37175 92330
667924896115245057 95 264
667012601033924608 185 392
680176173301628928 1389 3544
803276597545603072 2287 9493
672984142909456390 469 1116
882762694511734784 4071 24651
753420520834629632 3223 7302
666817836334096384 209 442
782722598790725632 4979 16213
732585889486888962 712 3347
831552930092285952 2151 8430
706516534877929472 928 2870
690248561355657216 369 1536
720340705894408192 872 2620
750041628174217216 563 2947
855138241867124737 36 0
813172488309972993 1797 8767
699413908797464576 568 1922
696713835009417216 583 2170
874680097055178752 3902 24470
846505985330044928 2752 13024
691459709405118465 1015 3717
778383385161035776 1016 5486
671528761649688577 214 736
673317986296586240 216 779
751205363882532864 1658 5879
876537666061221889 3958 20962
768596291618299904 1184 4717
725842289046749185 2408 6508
715733265223708672 1523 4272
666020888022790149 419 2281
757725642876129280 1108 4238
679511351870550016 1141 3059
781955203444699136 3122 10531
675853064436391936 1132 2417
778764940568104960 337 818
816697700272001025 2041 9199
708349470027751425 675 2184
849336543269576704 1681 10519
689280876073582592 638 1820
758041019896193024 338 2519
696100768806522880 583 1769
692158366030913536 717 1967
709409458133323776 616 2417
781163403222056960 2571 9236
670417414769758208 280 501
757741869644341248 3011 6384
836001077879255040 3874 17838
667546741521195010 106 303
721503162398597120 1637 4210
884247878851493888 16798 62864
673148804208660480 547 1487
758405701903519748 1752 4854
845098359547420673 6912 0
887705289381826560 4514 26480
815990720817401858 941 4674
686003207160610816 562 1675
682032003584274432 1785 6036
797236660651966464 6118 18849
811744202451197953 1465 7127
783839966405230592 9988 28254
671542985629241344 483 966
675517828909424640 406 1144
741743634094141440 2485 7528
748977405889503236 3118 9985
754747087846248448 476 2404
818614493328580609 2343 9265
783466772167098368 2072 7937
669583744538451968 797 1315
670465786746662913 466 851
724983749226668032 1164 3428
676975532580409345 947 2516
684940049151070208 944 2954
756303284449767430 1001 3674
688064179421470721 320 1592
839239871831150596 5909 25128
839549326359670784 7036 25489
676440007570247681 587 1559
801167903437357056 5483 23072
708356463048204288 1196 3295
688894073864884227 618 2055
831309418084069378 2255 11053
708479650088034305 616 2337
882045870035918850 4061 25584
687480748861947905 221 1470
674082852460433408 144 678
847962785489326080 4556 21672
702598099714314240 3125 11303
848213670039564288 644 7522
697255105972801536 1052 2834
858471635011153920 4236 19401
728046963732717569 1079 3922
707014260413456384 537 2108
671891728106971137 478 1171
886258384151887873 5246 24406
694329668942569472 449 1817
712717840512598017 4492 11290
789960241177853952 3805 0
831262627380748289 1882 11116
792883833364439040 3984 10658
830583320585068544 15348 62167
705223444686888960 711 2367
676237365392908289 248 1088
725458796924002305 553 1298
755955933503782912 2611 6805
782969140009107456 6856 22719
884441805382717440 4775 23755
693642232151285760 376 2344
790581949425475584 6609 19461
689877686181715968 1040 2788
668631377374486528 278 616
709207347839836162 5161 11382
745433870967832576 2297 6514
668994913074286592 187 389
835297930240217089 2733 15390
672256522047614977 1322 2503
676582956622721024 251 1070
879492040517615616 2617 20607
685943807276412928 532 1494
666293911632134144 288 424
782747134529531904 1310 7048
679777920601223168 989 2847
708469915515297792 729 2846
667878741721415682 100 347
671763349865160704 769 1488
667866724293877760 898 2703
883117836046086144 5508 32336
798925684722855936 1352 7141
781661882474196992 2506 9832
687312378585812992 1725 3997
711306686208872448 675 3042
768473857036525572 3146 12725
672139350159835138 592 1534
677662372920729601 840 1769
680934982542561280 391 1905
701889187134500865 1253 3240
794332329137291264 2524 9091
692423280028966913 196 1368
670433248821026816 100 295
668643542311546881 444 781
803380650405482500 1760 7353
668113020489474048 207 580
690400367696297985 406 1739
727175381690781696 1237 3583
668636665813057536 434 916
667902449697558528 332 754
753026973505581056 873 3638
798209839306514432 2416 9883
670826280409919488 3487 4857
798686750113755136 2170 0
675740360753160193 295 1055
773922284943896577 1614 6037
723688335806480385 2637 7022
671538301157904385 333 838
769695466921623552 1553 6016
666835007768551424 64 183
675354435921575936 14846 29329
674774481756377088 406 981
880872448815771648 3191 18613
696490539101908992 127 1131
667152164079423490 14553 42103
743210557239623680 1233 3550
781308096455073793 2372 6706
777641927919427584 3897 0
778624900596654080 937 4328
679736210798047232 713 1903
822163064745328640 4349 0
831926988323639298 34 319
780931614150983680 6698 20411
743510151680958465 3405 7393
817536400337801217 2714 11071
702321140488925184 948 3016
832645525019123713 483 2722
735635087207878657 2135 5638
838952994649550848 3652 18295
766693177336135680 727 3779
786036967502913536 6467 0
828650029636317184 1232 8923
789280767834746880 4567 0
838561493054533637 1228 10212
849668094696017920 4428 0
674468880899788800 1773 5537
819924195358416896 4519 12189
764259802650378240 1383 5615
744995568523612160 566 2731
669000397445533696 5497 18619
700151421916807169 606 2049
709449600415961088 517 2020
765669560888528897 1127 4841
687664829264453632 468 1800
692535307825213440 1229 2893
719339463458033665 1117 4087
684122891630342144 425 1857
773191612633579521 3781 9343
818627210458333184 7028 21142
807010152071229440 3612 12418
668892474547511297 126 353
816062466425819140 941 0
819015337530290176 34377 0
813112105746448384 2551 9763
843235543001513987 5380 19893
877316821321428993 4318 24032
842115215311396866 2750 12985
854120357044912130 6569 29132
687102708889812993 868 2166
674330906434379776 65 504
676936541936185344 4410 11566
679872969355714560 594 2007
666362758909284353 463 648
708026248782585858 1747 4057
671744970634719232 658 1201
688179443353796608 527 1976
675531475945709568 329 1062
698549713696649216 558 2149
810984652412424192 1323 5035
668986018524233728 139 477
693155686491000832 2887 7251
671866342182637568 416 992
679111216690831360 2298 5403
811985624773361665 1304 6882
751251247299190784 5366 11693
672095186491711488 328 873
675349384339542016 1996 3516
681694085539872773 3676 11776
815966073409433600 7823 21042
714141408463036416 1276 3996
736010884653420544 2693 7217
676146341966438401 584 1745
706904523814649856 7099 13390
714631576617938945 893 3009
703268521220972544 494 1823
791780927877898241 3542 0
670676092097810432 35 214
668204964695683073 171 487
828708714936930305 10273 34115
672466075045466113 446 1189
859924526012018688 3567 17551
742385895052087300 1767 6266
822975315408461824 3185 16308
671357843010908160 133 351
689255633275777024 971 2339
800388270626521089 2622 10557
823699002998870016 2328 13151
667915453470232577 46 184
677530072887205888 204 963
828376505180889089 990 6964
841314665196081154 4220 14690
727155742655025152 1194 3313
738156290900254721 579 2272
836397794269200385 24976 0
889278841981685760 4414 21977
724771698126512129 566 2144
679158373988876288 7206 19332
788070120937619456 3198 0
745789745784041472 961 3651
739979191639244800 5360 18433
671488513339211776 411 881
711694788429553666 16561 30195
687841446767013888 2243 5006
759197388317847553 1797 5682
880221127280381952 3443 23545
671789708968640512 2990 6299
823333489516937216 22 662
667369227918143488 142 328
847251039262605312 3901 18894
670797304698376195 202 658
672975131468300288 775 1494
800751577355128832 2610 10057
779377524342161408 2871 8215
771171053431250945 6854 0
701952816642965504 925 3536
683852578183077888 315 1787
767754930266464257 4937 14920
667550904950915073 28 0
867900495410671616 3553 21505
726828223124897792 911 3296
833826103416520705 3481 17029
666644823164719104 68 207
683481228088049664 901 2441
708149363256774660 1411 3979
670069087419133954 205 550
740711788199743490 858 3137
758854675097526272 837 3311
679047485189439488 584 2051
698355670425473025 394 1699
671547767500775424 496 1202
675166823650848770 1379 3166
842846295480000512 3307 14175
780459368902959104 998 4973
732732193018155009 481 2222
710658690886586372 512 2131
673345638550134785 1097 2225
674632714662858753 499 1336
803773340896923648 2573 9503
821522889702862852 1625 7535
754120377874386944 2154 7359
680130881361686529 852 2106
668655139528511488 187 470
800188575492947969 3676 0
793962221541933056 4551 15843
887101392804085760 4965 26857
670290420111441920 249 621
733460102733135873 1134 3861
832757312314028032 3311 15804
698635131305795584 310 1197
823322678127919110 3698 14769
800018252395122689 12243 26775
857989990357356544 2257 14437
714214115368108032 796 2110
718246886998687744 446 1757
879130579576475649 5705 0
876484053909872640 1987 16491
886267009285017600 4 105
796563435802726400 6698 0
696754882863349760 327 1367
887343217045368832 8768 29437
710283270106132480 478 1992
672968025906282496 468 1180
773670353721753600 1219 5039
838916489579200512 31 0
715342466308784130 621 2784
675888385639251968 836 2106
668779399630725120 322 627
772581559778025472 1575 6078
885518971528720385 3095 17922
673583129559498752 313 1061
690015576308211712 658 2294
671743150407421952 200 673
668154635664932864 272 438
692919143163629568 694 2493
700518061187723268 719 2387
706291001778950144 434 1566
719551379208073216 1706 4635
674291837063053312 5124 13138
673636718965334016 307 993
724046343203856385 512 2449
831322785565769729 1435 8727
714485234495041536 1007 2446
800443802682937345 4003 0
684460069371654144 502 1811
706310011488698368 7115 19481
798665375516884993 3661 0
817423860136083457 13511 31695
757611664640446465 1004 4277
681891461017812993 743 2266
749075273010798592 1873 5341
829141528400556032 6739 22827
754449512966619136 669 3492
815639385530101762 1547 7786
801127390143516673 3686 0
889531135344209921 1873 13286
851464819735769094 6285 22196
696877980375769088 635 2250
671485057807351808 195 676
719332531645071360 854 3176
791312159183634433 2356 8290
775898661951791106 15438 0
668587383441514497 918 1472
673700254269775872 499 1280
793500921481273345 2218 10075
819015331746349057 17707 0
666428276349472768 67 139
674793399141146624 950 2216
817827839487737858 24976 48365
844979544864018432 2304 12627
874057562936811520 3365 20034
666345417576210432 121 242
668286279830867968 116 436
668826086256599040 112 382
740699697422163968 705 2645
860981674716409858 1846 0
769940425801170949 8783 29153
684177701129875456 590 1861
805932879469572096 1792 7851
717537687239008257 1656 5298
820078625395449857 5757 18550
873580283840344065 3331 21285
679148763231985668 919 2547
835309094223372289 19082 0
669328503091937280 363 904
812503143955202048 1145 5717
754874841593970688 7206 0
757400162377592832 6284 14094
820314633777061888 521 3149
693262851218264065 451 2037
666435652385423360 41 137
669203728096960512 406 885
757597904299253760 277 0
753375668877008896 2118 7113
696744641916489729 833 1887
697259378236399616 899 3032
676590572941893632 110 835
889665388333682689 8294 41809
670434127938719744 559 1254
773704687002451968 1487 6216
832369877331693569 2910 16026
708845821941387268 800 2735
795076730285391872 5072 15289
709556954897764353 973 3012
816014286006976512 4854 0
688804835492233216 167 886
680473011644985345 666 2338
774314403806253056 5053 20452
669684865554620416 74 446
707610948723478529 5694 15548
666104133288665088 5452 12831
814153002265309185 8063 27122
863062471531167744 2082 7493
710997087345876993 1257 4203
686760001961103360 1254 3231
753655901052166144 1983 5434
802239329049477120 2443 8616
675111688094527488 213 868
666033412701032449 36 100
667873844930215936 338 550
680836378243002368 1180 3171
752519690950500352 3140 6817
724049859469295616 1615 3968
707776935007539200 870 3004
674051556661161984 431 1288
673355879178194945 491 1336
796759840936919040 2816 11160
708109389455101952 500 1795
707377100785885184 974 3003
869227993411051520 3180 18065
697270446429966336 1710 4336
794355576146903043 9613 0
813081950185472002 2581 9389
699036661657767936 1087 2389
872486979161796608 7678 35952
669573570759163904 120 387
789268448748703744 2431 8621
673363615379013632 266 929
687399393394311168 550 1741
749317047558017024 2036 5080
672997845381865473 629 1749
699079609774645248 570 2252
666373753744588802 72 162
667524857454854144 962 1496
818588835076603904 5662 0
771908950375665664 1746 6155
840632337062862849 1617 8394
670061506722140161 289 665
671141549288370177 569 1017
670811965569282048 229 980
749996283729883136 754 2818
813910438903693312 1724 8827
865006731092295680 6626 24942
808344865868283904 19341 39999
850145622816686080 3381 14985
817777686764523521 2512 10183
836260088725786625 3966 19890
704761120771465216 2616 6119
778408200802557953 3988 12817
819347104292290561 1115 6805
822872901745569793 39707 123543
683357973142474752 821 2657
680085611152338944 8108 11691
674265582246694913 726 1457
817120970343411712 2402 11497
669571471778410496 877 1401
682808988178739200 154 1625
888804989199671297 3508 22355
677565715327688705 409 1188
751793661361422336 2602 5374
748324050481647620 687 3438
670411370698022913 765 1788
672604026190569472 335 965
707411934438625280 542 2109
673689733134946305 568 1537
866094527597207552 7128 0
715758151270801409 1282 3409
712668654853337088 1096 3817
682088079302213632 8833 16720
847842811428974592 1186 4992
676821958043033607 13708 20617
747600769478692864 520 2161
716730379797970944 395 1132
684241637099323392 2936 7459
854482394044301312 5992 26473
714258258790387713 666 2810
761334018830917632 1332 4810
670421925039075328 549 1136
744234799360020481 70227 144083
859607811541651456 1359 16769
673709992831262724 236 748
798585098161549313 5245 0
672877615439593473 299 907
753294487569522689 953 3118
672475084225949696 604 1292
845397057150107648 1615 7059
800141422401830912 2382 14455
869772420881756160 8653 37868
794926597468000259 2149 9640
851591660324737024 3115 14903
752660715232722944 1416 4059
684594889858887680 3162 8158
828046555563323392 2644 11017
801958328846974976 1591 7338
866686824827068416 2951 17047
739844404073074688 785 3510
687476254459715584 480 1824
780092040432480260 2118 0
695409464418041856 3231 7962
833124694597443584 4428 18931
857029823797047296 3470 16992
673270968295534593 312 954
687317306314240000 8315 18599
669923323644657664 50 202
750868782890057730 1239 4433
809808892968534016 4551 0
793165685325201412 2616 8867
840370681858686976 4169 15288
716802964044845056 1047 3955
846139713627017216 9136 28705
864873206498414592 7469 28724
707059547140169728 619 2393
855245323840757760 5241 0
670780561024270336 249 698
789628658055020548 1632 7055
888554962724278272 2860 17229
688385280030670848 4069 8500
668979806671884288 291 701
715220193576927233 585 2204
686683045143953408 728 2604
692417313023332352 3127 8632
675707330206547968 596 1783
686286779679375361 1518 3702
810254108431155201 3149 13913
672902681409806336 422 1230
816450570814898180 7412 28536
683773439333797890 1216 3063
698907974262222848 551 2333
832032802820481025 4288 16713
666691418707132416 41 160
853639147608842240 8825 31404
819238181065359361 376 2129
723179728551723008 1684 4854
669567591774625800 45 201
691444869282295808 748 2432
667544320556335104 456 759
669625907762618368 1559 3106
836753516572119041 4249 18062
816816676327063552 1882 9439
859196978902773760 26149 80217
670833812859932673 109 382
681320187870711809 671 2403
669359674819481600 103 329
747204161125646336 828 3117
744223424764059648 323 1530
817415592588222464 884 5275
755110668769038337 10139 19645
697242256848379904 615 2322
762316489655476224 1026 4491
696886256886657024 1623 4432
787810552592695296 2828 8114
671186162933985280 176 637
678334497360859136 222 1179
837482249356513284 405 3590
671879137494245376 569 1241
737310737551491075 6713 13465
746790600704425984 1455 4506
701214700881756160 4621 11241
873213775632977920 1324 6294
892177421306343426 5266 29190
773336787167145985 4640 0
819004803107983360 34377 82324
728751179681943552 614 2532
850753642995093505 8043 28021
793286476301799424 8552 23256
747242308580548608 2616 0
667171260800061440 70 186
857746408056729600 9306 30682
668544745690562560 197 453
707315916783140866 576 2279
783347506784731136 5124 0
835152434251116546 2754 20890
841077006473256960 4874 21281
690735892932222976 1147 3484
823269594223824897 9175 0
844223788422217728 1984 12663
815745968457060357 3840 0
683849932751646720 849 2401
668480044826800133 126 394
847971574464610304 394 0
823719002937630720 10301 0
672272411274932228 2919 5692
839990271299457024 2063 12486
676191832485810177 914 2050
713919462244790272 719 3033
750719632563142656 4567 12206
746056683365994496 737 3313
802265048156610565 1285 6592
870656317836468226 2190 10845
823581115634085888 2433 12208
799774291445383169 4345 0
804026241225523202 14950 41878
667549055577362432 1939 5086
793135492858580992 2342 6050
666029285002620928 39 112
708834316713893888 448 1549
672267570918129665 533 1309
743222593470234624 1726 5716
671159727754231808 68 314
680801747103793152 739 2180
670435821946826752 433 937
855862651834028034 21 302
681339448655802368 3689 8535
676593408224403456 1882 4113
698262614669991936 1789 4381
676588346097852417 695 2071
776113305656188928 4003 11063
776813020089548800 1109 4596
670764103623966721 371 954
881633300179243008 8 113
738184450748633089 1104 3952
707738799544082433 2195 3723
714962719905021952 3826 6733
670792680469889025 236 731
746521445350707200 898 0
756526248105566208 3286 9675
750117059602808832 1204 4034
857263160327368704 3954 18190
855818117272018944 4793 24202
783391753726550016 5060 15926
739606147276148736 1487 4966
707297311098011648 707 2572
834086379323871233 2036 12202
871762521631449091 2954 17800
695794761660297217 705 2913
816829038950027264 4370 0
667550882905632768 25 0
856526610513747968 1649 10786
748220828303695873 7077 13103
748699167502000129 1452 4393
666050758794694657 50 115
792050063153438720 1661 6756
861005113778896900 3318 14929
818536468981415936 2261 10230
680913438424612864 562 2203
681281657291280384 991 2955
840698636975636481 2 163
771380798096281600 4640 9872
668955713004314625 63 240
787397959788929025 2650 10291
685667379192414208 506 2179
783334639985389568 10811 27360
857214891891077121 16 203
705898680587526145 494 2173
672884426393653248 722 1366
852189679701164033 1413 10549
677314812125323265 468 1493
838476387338051585 4327 20888
809084759137812480 3276 12507
756939218950160384 1830 6180
849776966551130114 6790 27820
885984800019947520 5585 28445
669603084620980224 316 845
833722901757046785 2989 19622
868552278524837888 1737 8924
742161199639494656 1239 3984
706346369204748288 841 3161
740995100998766593 2454 5805
875747767867523072 3559 22001
730427201120833536 937 3194
686035780142297088 103 1058
825829644528148480 2321 11977
676617503762681856 852 2612
727524757080539137 1078 4093
837820167694528512 7127 31721
706166467411222528 1443 4711
674737130913071104 80 579
670040295598354432 96 656
745422732645535745 2188 7923
741793263812808706 1380 4205
835246439529840640 63 1985
874012996292530176 8540 29987
671533943490011136 493 896
666057090499244032 111 247
671122204919246848 2178 3072
669926384437997569 81 337
742423170473463808 3401 9060
691321916024623104 598 2372
765395769549590528 3094 25023
795464331001561088 21837 46549
838921590096166913 1851 10378
672609152938721280 337 964
854365224396361728 4131 17135
877556246731214848 3148 19808
766069199026450432 768 3925
796116448414461957 2239 8599
886736880519319552 2609 10450
666786068205871104 408 656
751950017322246144 829 2840
787322443945877504 1619 7360
833479644947025920 1883 13964
683391852557561860 2170 7025
671109016219725825 377 1000
697596423848730625 1131 2761
703382836347330562 1023 3208
793601777308463104 1509 7552
679844490799091713 684 2179
667728196545200128 125 323
814986499976527872 1183 7235
718631497683582976 7192 17296
867421006826221569 2109 14286
666055525042405380 196 366
726887082820554753 1362 3522
878281511006478336 1066 6748
667766675769573376 185 371
670815497391357952 1310 2772
668815180734689280 224 490
814638523311648768 2514 10650
827933404142436356 4804 18769
810896069567610880 1637 8487
669564461267722241 104 335
697990423684476929 1167 3008
703425003149250560 1217 3491
802624713319034886 2714 0
675497103322386432 1129 2814
827324948884643840 2795 14888
671882082306625538 1200 3089
681297372102656000 850 2947
685321586178670592 578 2435
713177543487135744 2586 6634
832998151111966721 2004 12390
738402415918125056 737 2996
800859414831898624 90 644
772877495989305348 3565 8017
677673981332312066 1340 3024
668625577880875008 110 326
834931633769889797 1485 10065
670717338665226240 416 1048
750429297815552001 3897 12252
673906403526995968 1427 2839
843604394117681152 2473 15635
841680585030541313 7129 23958
789986466051088384 2137 8769
697516214579523584 987 1865
669683899023405056 93 337
671166507850801152 301 777
672834301050937345 502 1152
728015554473250816 989 3780
696405997980676096 1050 2920
670374371102445568 236 669
686377065986265092 514 2042
787717603741622272 2574 9673
745314880350101504 2465 6578
666071193221509120 50 127
756998049151549440 1825 5847
695767669421768709 664 1704
716439118184652801 189 2187
674743008475090944 463 1259
746542875601690625 1738 4672
668623201287675904 651 1241
684959798585110529 2802 6276
766714921925144576 345 2456
667455448082227200 53 171
668633411083464705 1373 2453
668645506898350081 457 770
681579835668455424 1173 3240
835264098648616962 1537 7202
695051054296211456 715 2428
759447681597108224 2263 7906
825026590719483904 1163 5881
840761248237133825 1617 0
699691744225525762 4143 9426
715704790270025728 511 2552
826598365270007810 2172 9409
698703483621523456 334 1314
768193404517830656 3249 10137
822462944365645825 13068 26187
774639387460112384 1606 6339
704819833553219584 894 2440
670704688707301377 317 686
747885874273214464 874 2706
675781562965868544 418 1452
681302363064414209 1617 3588
673716320723169284 669 2773
670427002554466305 141 461
684222868335505415 1235 3500
693629975228977152 719 2255
766078092750233600 2408 0
673705679337693185 358 1123
669942763794931712 131 443
708400866336894977 9028 14631
714251586676113411 757 3021
720775346191278080 564 2248
683030066213818368 665 1994
798644042770751489 1734 0
843981021012017153 2693 14059
689289219123089408 845 2067
670823764196741120 159 674
842765311967449089 1174 6275
828361771580813312 165 2060
799308762079035393 5053 0
673350198937153538 183 681
761976711479193600 1813 5024
715360349751484417 1407 5028
711743778164514816 906 2610
792394556390137856 3995 12657
668537837512433665 61 226
685268753634967552 1070 2830
761292947749015552 996 4171
679001094530465792 1090 2585
668981893510119424 257 478
784431430411685888 1178 5426
813217897535406080 6814 17602
713175907180089344 1327 4076
670778058496974848 62 295
747512671126323200 1471 5100
794205286408003585 3102 8741
681610798867845120 415 1726
751456908746354688 918 2998
728986383096946689 735 2882
706681918348251136 888 3020
685641971164143616 693 2680
677573743309385728 597 1930
791821351946420224 19599 0
750086836815486976 490 2018
673240798075449344 614 1271
686386521809772549 790 3001
705442520700944385 1455 4054
733822306246479872 920 3379
684914660081053696 1320 3208
736736130620620800 1534 3862
673680198160809984 414 1227
699323444782047232 783 2885
761371037149827077 16561 0
831911600680497154 5949 25745
677895101218201600 1835 4376
690597161306841088 546 1779
874434818259525634 12149 0
884562892145688576 3891 21194
799757965289017345 1995 7939
700062718104104960 610 2443
738883359779196928 718 3034
770293558247038976 1346 5828
818646164899774465 19341 0
720415127506415616 1353 3780
689661964914655233 850 2991
674436901579923456 343 986
748307329658011649 652 3429
691756958957883396 883 2594
803638050916102144 3868 10334
698989035503689728 874 3068
667517642048163840 165 331
671362598324076544 257 973
722613351520608256 1491 4575
677918531514703872 363 1214
667530908589760512 206 409
678341075375947776 471 1568
668190681446379520 171 574
834458053273591808 1543 9007
670691627984359425 208 516
671536543010570240 343 1036
675501075957489664 5198 15499
812709060537683968 1347 6270
747461612269887489 937 3576
692905862751522816 787 2232
672254177670729728 646 1270
743253157753532416 1113 3916
766008592277377025 456 3522
798340744599797760 3127 0
838831947270979586 9988 0
671504605491109889 3110 6213
776201521193218049 2325 8989
679729593985699840 745 1984
886680336477933568 3717 19622
827199976799354881 2051 9963
709179584944730112 607 1848
674739953134403584 326 965
782598640137187329 1763 7356
708853462201716736 592 1667
689835978131935233 688 2011
708711088997666817 637 2333
670444955656130560 1734 6036
783695101801398276 2974 9823
725729321944506368 1602 4785
683498322573824003 872 2923
889880896479866881 4137 24448
666082916733198337 37 92
674999807681908736 951 1991
746872823977771008 1934 5547
748346686624440324 1118 4830
832636094638288896 2551 14847
673711475735838725 264 937
678399652199309312 28438 73145
805487436403003392 2365 8306
693109034023534592 549 1558
698953797952008193 823 2475
749774190421639168 1203 4336
673686845050527744 375 1272
822244816520155136 9175 32986
729854734790754305 1009 3706
781251288990355457 1918 7884
760290219849637889 10515 24985
695064344191721472 527 1473
816091915477250048 1976 8455
811386762094317568 5947 19780
676819651066732545 598 1653
768609597686943744 1091 3839
683742671509258241 2988 5957
669682095984410625 115 311
798697898615730177 6058 0
674019345211760640 264 1011
694669722378485760 13031 32902
750147208377409536 873 2900
675845657354215424 773 2038
680191257256136705 440 1968
672594978741354496 528 1175
707983188426153984 2 45
889638837579907072 3695 23540
871102520638267392 4646 18474
870374049280663552 22638 73657
674008982932058114 299 1084
674422304705744896 463 1280
830956169170665475 1373 7483
871879754684805121 9199 32939
763167063695355904 2738 0
836380477523124226 2744 13871
682788441537560576 1015 2277
667793409583771648 285 604
868880397819494401 12186 57705
687096057537363968 550 2072
770655142660169732 1659 6894
785515384317313025 1155 5764
671729906628341761 3785 7472
741099773336379392 4996 9180
667192066997374976 85 332
734912297295085568 471 2537
680221482581123072 259 1354
813944609378369540 2941 0
882992080364220416 3225 20877
668171859951755264 161 424
683449695444799489 1452 3569
707038192327901184 716 2012
772826264096874500 2198 7548
673715861853720576 1804 3155
777189768882946048 3965 13256
689283819090870273 1001 3006
697881462549430272 1053 2775
717428917016076293 405 1474
666073100786774016 128 273
691090071332753408 305 1604
699423671849451520 287 1247
805826884734976000 1710 6211
798701998996647937 7192 0
691675652215414786 459 1793
759446261539934208 453 1558
776249906839351296 8406 0
683111407806746624 814 3131
742534281772302336 3264 6533
693486665285931008 563 1623
710269109699739648 1010 2189
681340665377193984 246 1514
669327207240699904 101 495
870308999962521604 3531 19407
671874878652489728 478 1103
705975130514706432 659 2855
696518437233913856 1561 3620
675870721063669760 496 1462
793256262322548741 7750 18845
670727704916926465 312 734
822489057087389700 5930 17034
840728873075638272 14553 0
682003177596559360 1364 2845
799063482566066176 2332 7663
672622327801233409 418 1147
701601587219795968 415 1924
672245253877968896 131 605
684188786104872960 1044 3208
678023323247357953 340 1738
770069151037685760 2115 7114
829861396166877184 1786 11478
829501995190984704 9734 29787
683462770029932544 619 2235
682429480204398592 1041 3170
719367763014393856 686 2599
810284430598270976 10451 33153
709042156699303936 1474 4315
796080075804475393 2155 7990
666447344410484738 19 90
671138694582165504 340 820
672591271085670400 157 638
788039637453406209 1216 5768
679828447187857408 12507 32999
793210959003287553 2594 8445
670838202509447168 597 979
888917238123831296 3740 25485
789599242079838210 1783 6360
666268910803644416 38 98
852226086759018497 6065 18275
669749430875258880 55 227
844973813909606400 2839 13883
829878982036299777 4584 0
666049248165822465 36 88
685325112850124800 3568 8652
841320156043304961 5007 18353
763103485927849985 2106 6893
770772759874076672 1317 4869
826958653328592898 4584 20238
667119796878725120 104 284
679862121895714818 553 2240
727314416056803329 670 3060
826115272272650244 2849 14685
674063288070742018 1904 5702
879008229531029506 2230 16689
699370870310113280 391 1746
688908934925697024 705 1938
675432746517426176 500 1358
684147889187209216 1363 2730
752309394570878976 14846 0
875021211251597312 3952 22461
682662431982772225 984 2806
698342080612007937 868 2067
793845145112371200 1736 8736
855459453768019968 7276 27002
865718153858494464 4809 22836
696894894812565505 615 2157
826615380357632002 3663 0
780496263422808064 3401 0
801854953262350336 218 1718
860524505164394496 4580 21173
836677758902222849 2018 11814
880095782870896641 3633 24199
817908911860748288 736 4588
760539183865880579 3318 7052
667861340749471744 69 222
693582294167244802 222 1514
674075285688614912 245 887
705428427625635840 1515 3497
680145970311643136 1553 3298
700796979434098688 855 2249
668484198282485761 207 371
683098815881154561 587 1990
667453023279554560 73 279
835536468978302976 1537 0
881666595344535552 8902 44311
752932432744185856 6263 11709
676603393314578432 338 1032
672970152493887488 302 835
713909862279876608 483 1743
887473957103951883 14940 59871
671147085991960577 191 581
670789397210615808 210 582
669970042633789440 43 271
776819012571455488 12507 0
806542213899489280 2207 9696
789530877013393408 3142 11039
671486386088865792 172 509
715696743237730304 1160 3605
800459316964663297 2051 9006
736225175608430592 2529 7465
741438259667034112 741 3401
671163268581498880 963 1453
674410619106390016 399 1066
683834909291606017 1017 2403
670055038660800512 279 592
845306882940190720 4838 21541
749064354620928000 1400 4487
668237644992782336 2410 5415
763956972077010945 49 730
672591762242805761 283 840
673342308415348736 492 1127
821813639212650496 3108 0
778650543019483137 1382 5402
667782464991965184 210 361
757729163776290825 7168 0
669367896104181761 129 404
732726085725589504 792 3283
706538006853918722 1284 3183
760641137271070720 1183 4652
667182792070062081 5245 12488
681242418453299201 469 1353
685973236358713344 476 1931
741067306818797568 2797 8827
813066809284972545 1821 7518
722974582966214656 1428 3753
686730991906516992 1087 3790
754482103782404096 1785 4912
828409743546925057 1075 6023
683857920510050305 1016 3502
679877062409191424 574 1782
766313316352462849 1722 6323
716080869887381504 1700 6232
666437273139982337 40 106
747648653817413632 5296 11910
773247561583001600 2989 8846
882268110199369728 9572 38990
875097192612077568 5091 24135
676946864479084545 326 1572
704054845121142784 839 2687
742465774154047488 3580 6723
892420643555336193 6961 33645
880935762899988482 2325 14978
671896809300709376 3661 7582
666407126856765440 30 93
694183373896572928 840 2700
760252756032651264 794 3690
860177593139703809 26581 0
808838249661788160 2853 9610
831939777352105988 5639 22411
762464539388485633 3805 9610
682962037429899265 14799 33655
746757706116112384 3542 8800
772102971039580160 858 3758
798705661114773508 6178 0
720389942216527872 2256 5850
693622659251335168 336 1415
737445876994609152 4036 9405
672488522314567680 371 989
821149554670182400 1818 8081
736392552031657984 6624 16276
848324959059550208 4128 22743
826598799820865537 229 4839
819588359383371776 1863 9124
684225744407494656 183 1135
739485634323156992 2629 6574
748568946752774144 604 2038
701805642395348998 1503 3108
864279568663928832 2568 13020
786595970293370880 2896 8943
666396247373291520 68 147
758467244762497024 2023 4465
671550332464455680 183 809
667435689202614272 76 267
759943073749200896 1922 5512
697630435728322560 496 1595
860924035999428608 674 0
674752233200820224 398 1306
813187593374461952 4027 18739
675706639471788032 85 582
842163532590374912 5241 22651
752568224206688256 2076 5096
815736392542261248 2106 9267
775085132600442880 4345 14571
672239279297454080 275 803
838083903487373313 2828 16397
666430724426358785 159 276
666701168228331520 181 371
672828477930868736 416 1108
726935089318363137 2196 6278
793241302385262592 3059 9939
710609963652087808 2150 4418
668291999406125056 28 213
675849018447167488 123 862
890729181411237888 15666 56554
853299958564483072 3158 14105
728387165835677696 875 3415
677228873407442944 1457 3198
691416866452082688 6883 17788
670755717859713024 87 392
679503373272485890 1327 2896
862457590147678208 4227 18193
697995514407682048 304 1407
750056684286914561 815 2945
758740312047005698 1494 5356
778039087836069888 2448 7955
685663452032069632 1328 2966
677187300187611136 806 2475
666454714377183233 179 445
669680153564442624 241 580
702217446468493312 1220 4381
775733305207554048 3686 13016
699088579889332224 560 2075
793271401113350145 2234 8223
775350846108426240 3610 9532
748692773788876800 1222 3945
675147105808306176 196 842
681679526984871937 399 1627
890971913173991426 1644 10308
675522403582218240 249 938
868622495443632128 4440 23549
740373189193256964 12081 32452
674318007229923329 449 1249
674764817387900928 200 698
666739327293083650 59 207
695629776980148225 1888 4180
861288531465048066 3571 15290
677716515794329600 873 2779
793180763617361921 1851 6537
684481074559381504 1069 3553
672160042234327040 303 765
832040443403784192 8783 0
729823566028484608 1121 3645
697616773278015490 919 2885
700029284593901568 527 1910
718971898235854848 984 3198
800855607700029440 1511 0
688828561667567616 321 1274
668872652652679168 266 475
778027034220126208 1486 6172
691793053716221953 3815 7469
669015743032369152 322 648
780476555013349377 103 0
693993230313091072 357 1728
788765914992902144 9613 25796
803321560782307329 4937 0
716791146589110272 1455 7730
666094000022159362 63 142
674790488185167872 216 981
669375718304980992 626 1167
770787852854652928 1097 4601
699779630832685056 1102 2498
673580926094458881 237 733
753398408988139520 1720 5332
734559631394082816 353 1371
690374419777196032 759 2962
666102155909144576 11 66
728653952833728512 944 3052
746726898085036033 1632 5617
675891555769696257 760 1920
828381636999917570 2053 11814
837471256429613056 2058 11945
739544079319588864 19163 36321
877736472329191424 15714 68855
831670449226514432 1683 9757
698178924120031232 673 2581
735137028879360001 874 2870
759099523532779520 3798 13573
789137962068021249 2596 9196
718454725339934721 1373 4497
790723298204217344 2137 0
705102439679201280 472 1954
678969228704284672 407 1497
827653905312006145 2787 14541
767500508068192258 2135 7014
669214165781868544 135 384
667405339315146752 194 409
706593038911545345 580 1982
676121918416756736 1023 1954
818145370475810820 2357 11566
890240255349198849 6060 27809
838201503651401729 9144 0
672205392827572224 1003 1975
702332542343577600 1381 2928
670338931251150849 96 371
668297328638447616 255 555
700847567345688576 449 2264
884876753390489601 4635 24265
674664755118911488 203 808
671855973984772097 371 790
670822709593571328 83 543
743835915802583040 1857 0
784517518371221505 2353 8464
680161097740095489 668 2131
708810915978854401 6238 15190
714957620017307648 1276 3801
785639753186217984 2096 7419
684902183876321280 462 1715
711363825979756544 1013 3312
714606013974974464 825 3332
702899151802126337 410 1479
867774946302451713 6225 30148
765719909049503744 1981 6776
676533798876651520 487 1694
716447146686459905 5290 11956
678774928607469569 815 2564
681654059175129088 819 2411
888078434458587136 2882 19069
759557299618865152 1098 4380
710296729921429505 668 2195
667724302356258817 265 422
671497587707535361 385 823
771500966810099713 2407 7743
776218204058357768 14619 27961
753298634498793472 5180 0
690005060500217858 1533 3373
819711362133872643 2848 12561
704491224099647488 71 689
769335591808995329 7099 0
667044094246576128 43 162
734787690684657664 5733 11513
674036086168010753 180 760
822859134160621569 2103 12401
852936405516943360 1782 0
671544874165002241 888 1723
675710890956750848 716 1681
877201837425926144 4599 23761
666837028449972224 466 702
743980027717509120 999 3883
675006312288268288 200 877
796865951799083009 1824 7280
691820333922455552 1487 3635
676942428000112642 665 1866
884162670584377345 2493 17858
674690135443775488 410 1021
757393109802180609 1574 5424
674053186244734976 1123 2941
792913359805018113 3693 13530
688519176466644993 656 2145
671151324042559489 126 588
687127927494963200 2044 4956
678767140346941444 1220 3208
758474966123810816 911 3545
770414278348247044 1918 5914
687732144991551489 591 1613
679530280114372609 1876 4354
674742531037511680 44 432
746818907684614144 1590 4934
814530161257443328 1731 8184
667437278097252352 197 396
718234618122661888 911 3559
737800304142471168 3158 9222
870804317367881728 5264 29688
674416750885273600 114 609
685906723014619143 2580 6879
830173239259324417 5220 0
689517482558820352 1293 3117
821107785811234820 1961 9023
829011960981237760 15039 50106
712809025985978368 6058 17498
675534494439489536 361 1659
843856843873095681 4157 19885
762699858130116608 3290 11311
687807801670897665 654 2197
786729988674449408 2263 0
674767892831932416 689 1621
846042936437604353 2579 14757
670428280563085312 520 1226
666058600524156928 47 99
714982300363173890 929 3418
697482927769255936 597 2227
717009362452090881 864 2968
780074436359819264 4549 11377
668142349051129856 238 508
791784077045166082 8833 0
699788877217865730 469 2052
669324657376567296 182 439
831650051525054464 1782 6657
683142553609318400 929 2640
666099513787052032 53 134
806242860592926720 10811 0
670668383499735048 4293 9416
687494652870668288 527 1754
670086499208155136 217 619
684567543613382656 1099 2751
791774931465953280 20651 42565
668466899341221888 438 767
675113801096802304 685 1730
756651752796094464 1190 4688
670037189829525505 240 527
667495797102141441 231 457
891087950875897856 2580 17711
824325613288833024 9843 11127
696900204696625153 933 2905
671347597085433856 368 830
717047459982213120 1732 5784
772117678702071809 684 3533
676957860086095872 719 2016
862831371563274240 4440 17165
834209720923721728 4313 19181
746369468511756288 1480 5737
692530551048294401 368 1693
745712589599014916 2114 6476
667070482143944705 12 71
674394782723014656 487 1333
750132105863102464 1172 3352
713900603437621249 659 2608
825147591692263424 4162 17184
832215909146226688 5691 0
693590843962331137 1774 4644
700462010979500032 1622 3776
694352839993344000 538 1872
668932921458302977 50 227
672980819271634944 884 1623
672248013293752320 520 1525
721001180231503872 550 2339
761672994376806400 26581 46081
676101918813499392 1047 2571
676430933382295552 302 1259
752173152931807232 1663 5524
669363888236994561 200 556
707741517457260545 552 2281
680959110691590145 1814 4197
687826841265172480 1005 2512
690938899477221376 1742 3763
740365076218183684 384 2238
670468609693655041 77 314
672125275208069120 985 2109
819006400881917954 17707 42840
798694562394996736 4621 0
673576835670777856 486 1225
739623569819336705 1233 3490
670046952931721218 151 575
747933425676525569 2339 6152
743609206067040256 1265 4149
678991772295516161 1013 2059
671134062904504320 162 652
834786237630337024 5097 20164
760190180481531904 1641 5330
686947101016735744 2898 7965
872967104147763200 4543 23943
674805413498527744 315 757
749981277374128128 2265 4766
832273440279240704 2137 10619
779124354206535695 16920 0
806576416489959424 1818 4650
682242692827447297 1035 2955
686050296934563840 665 2064
852553447878664193 3097 14830
807106840509214720 51349 111074
705066031337840642 555 2008
731156023742988288 1139 3537
704113298707505153 519 1710
670783437142401025 330 720
685169283572338688 1271 3769
712085617388212225 434 3007
682697186228989953 332 1209
684097758874210310 1293 3777
670319130621435904 1064 3458
828408677031882754 1182 7223
668256321989451776 515 1147
747816857231626240 1052 4488
677269281705472000 635 1790
745057283344719872 2043 6734
799422933579902976 1791 7659
851224888060895234 5152 18962
679062614270468097 7168 15427
679132435750195208 1033 2687
802323869084381190 5450 15288
676219687039057920 27615 70553
756275833623502848 1401 5954
666337882303524864 79 167
667200525029539841 226 541
692568918515392513 1390 4017
860184849394610176 5102 14949
870063196459192321 7046 32288
667911425562669056 245 430
675145476954566656 778 1908
670403879788544000 128 374
732375214819057664 2273 7407
693644216740769793 115 1267
705786532653883392 466 1788
678764513869611008 412 1476
842535590457499648 3163 16853
667443425659232256 485 681
701570477911896070 837 2573
752334515931054080 1005 3582
709852847387627521 1085 3224
684800227459624960 898 2510
745074613265149952 3169 7239
693095443459342336 403 1695
707693576495472641 915 3116
701981390485725185 887 3147
680440374763077632 438 1318
674644256330530816 239 925
866720684873056260 4112 17786
667806454573760512 415 924
883838122936631299 2847 19049
785872687017132033 1663 6316
791672322847637504 2911 11100
817171292965273600 1856 8271
693267061318012928 731 2193
690360449368465409 787 2441
678798276842360832 1019 3157
669354382627049472 1086 2371
811647686436880384 679 5295
746507379341139972 987 4332
699775878809702401 537 1801
674255168825880576 464 1299
817181837579653120 7823 0
808501579447930884 2444 10712
735256018284875776 801 3052
715928423106027520 791 2924
793150605191548928 1587 5828
674670581682434048 564 1445
875144289856114688 4130 19336
786233965241827333 4349 14349
835685285446955009 7395 0
690649993829576704 246 1196
681231109724700672 434 2227
688789766343622656 603 2046
821153421864615936 8 235
671115716440031232 668 1208
801115127852503040 1978 7651
879862464715927552 2912 19611
711652651650457602 819 3539
838085839343206401 1 134
670442337873600512 175 579
710844581445812225 609 2344
761227390836215808 1436 4979
699434518667751424 464 2019
709225125749587968 520 2203
715200624753819648 1679 4742
674269164442398721 202 824
881268444196462592 4477 20397
672523490734551040 146 552
799297110730567681 2546 9348
824025158776213504 557 4565
761599872357261312 1094 3869
703611486317502464 1377 3535
834167344700198914 3351 14803
672995267319328768 251 842
692901601640583168 535 1613
852672615818899456 1901 13599
675372240448454658 452 1520
668620235289837568 35 180
790337589677002753 1761 7400
726224900189511680 1041 4069
790987426131050500 1979 9270
709198395643068416 588 2262
786963064373534720 7395 25171
845812042753855489 7837 26903
773985732834758656 3567 10113
839290600511926273 132 0
699072405256409088 1074 2705
747651430853525504 143 1271
807059379405148160 6856 0
857062103051644929 146 0
739932936087216128 980 3738
699446877801091073 2390 5488
793614319594401792 2911 0
667177989038297088 47 164
850019790995546112 4351 18701
871032628920680449 3213 20081
666044226329800704 114 246
821421320206483457 5099 0
684880619965411328 722 1919
814578408554463233 5432 0
711008018775851008 557 2737
890609185150312448 3599 24394
672481316919734272 110 638
749395845976588288 3137 7930
796904159865868288 8315 0
666781792255496192 168 324
679475951516934144 576 1912
666804364988780544 78 206
845677943972139009 4369 23351
674781762103414784 1042 1798
711998809858043904 120 0
727286334147182592 743 2816
834089966724603904 1960 9418
675489971617296384 526 1148
832682457690300417 2657 11100
666649482315059201 522 992
670679630144274432 240 663
712309440758808576 24 220
749036806121881602 727 2871
689143371370250240 454 1861
668902994700836864 87 276
758828659922702336 3536 10431
849051919805034497 7594 38842
676606785097199616 386 1717
703356393781329922 344 1760
671154572044468225 185 624
858860390427611136 7037 0
682393905736888321 594 2059
793226087023144960 2701 9249
682750546109968385 397 1396
773547596996571136 5662 20739
682638830361513985 533 1899
891815181378084864 3463 21950
776477788987613185 2544 8214
700890391244103680 509 2032
703774238772166656 404 1699
818259473185828864 2070 10370
673352124999274496 471 1493
771102124360998913 1324 5840
877611172832227328 70 0
813812741911748608 12981 34474
680070545539371008 771 2379
820446719150292993 2382 0
668975677807423489 495 1149
855860136149123072 850 4391
761745352076779520 789 4005
717841801130979328 542 2268
808733504066486276 2027 7465
689905486972461056 619 2253
723673163800948736 812 2785
824663926340194305 1633 9906
787111942498508800 6263 0
667176164155375616 384 523
686007916130873345 362 2273
675822767435051008 474 1384
792773781206999040 1566 6976
695074328191332352 988 2600
819227688460238848 6205 21709
690021994562220032 915 2573
813157409116065792 2058 7351
786709082849828864 5691 17304
747103485104099331 3607 8859
703631701117943808 599 2357
668248472370458624 406 838
710117014656950272 1777 5018
697575480820686848 451 1878
707629649552134146 780 2351
826204788643753985 852 4577
778990705243029504 6620 18670
717790033953034240 982 2630
682059653698686977 1522 4526
695095422348574720 548 2449
767191397493538821 3449 11483
676215927814406144 516 1569
674606911342424069 86 836
729463711119904772 2082 5304
668960084974809088 209 617
687704180304273409 764 2234
793195938047070209 5247 14383
702276748847800320 694 2278
680100725817409536 1242 3289
874296783580663808 3466 22851
675015141583413248 1032 2407
674038233588723717 366 976
686749460672679938 1311 3191
775729183532220416 4260 12229
777684233540206592 2714 10567
686394059078897668 630 1585
678396796259975168 372 1450
780800785462489090 1193 5172
684588130326986752 1273 3799
680494726643068929 438 1567
672082170312290304 318 836
871166179821445120 4874 0
760153949710192640 29 0
798673117451325440 5198 0
785927819176054784 2971 10759
689557536375177216 402 1896
709519240576036864 219 1383
730196704625098752 1699 4429
699060279947165696 1611 3421
812781120811126785 1781 7125
700747788515020802 8406 20962
669351434509529089 153 377
669972011175813120 132 392
825120256414846976 1163 0
667090893657276420 104 286
666273097616637952 66 151
703041949650034688 11275 24275
797545162159308800 4596 13825
758099635764359168 9101 17624
868639477480148993 1737 0
857393404942143489 1436 5287
800513324630806528 2811 12440
680805554198020098 607 1968
780192070812196864 2072 8182
676897532954456065 646 2048
677331501395156992 207 985
744709971296780288 1429 5203
669753178989142016 339 704
821407182352777218 3974 11054
727644517743104000 1583 5366
710140971284037632 799 2510
666421158376562688 90 272
686358356425093120 595 1992
